{
   "radiant.animation_tables.cthulu": {
      "type" : "animation-table"
      ,
	   "skeleton": {
		   "type": "skeleton",
		   "root": [15.5,11.302,-1.83502e-007],
		   "rightFoot": [11,11.4093,2.93544],
		   "bodyPosition": [15.5,12,5],
		   "pelvis": [15.5,12,5],
		   "torso": [15.5,12,7.02131],
		   "torsoUpper": [15.5,12.5,13.0399],
		   "head": [16,11.5,16],
		   "eyebrows": [16,5.5,22.5],
		   "la": [20,7,19],
		   "lb": [20,5.99216,18.0089],
		   "lc": [20,5.99216,16.0089],
		   "ld": [20,5.99216,14.0089],
		   "l1": [18,3.99329,18.0089],
		   "l2": [18,3.99329,16.0089],
		   "l3": [18,3.99329,14.0089],
		   "l4": [18,3.99329,12.0089],
		   "l5": [18,3.99329,10.0089],
		   "ra": [12,7,19],
		   "rb": [12,5.99216,18.0089],
		   "rc": [12,5.99216,16.0089],
		   "rd": [12,5.99216,14.0089],
		   "r1": [14,3.99329,18.0089],
		   "r2": [14,3.99329,16.0089],
		   "r3": [14,3.99329,14.0089],
		   "r4": [14,3.99329,12.0089],
		   "r5": [14,3.99329,10.0089],
		   "leftWing": [19.7667,19,17],
		   "rightWing": [10.5536,19,17],
		   "rightShoulder": [8,11.5,17.5],
		   "rightArm": [5,11.5,12],
		   "rightHand": [5,12,9],
		   "rightFinger11": [2.9898,9.5,7.98006],
		   "rightFinger12": [2.9898,9.5,5.98006],
		   "rightFinger21": [2.9898,13.5,7.98006],
		   "rightFinger22": [2.9898,13.5,5.98006],
		   "rightThumb1": [5.5,5.98634,10.0361],
		   "rightThumb2": [5.5,5.98634,8.03606],
		   "leftShoulder": [23,11.5,17.5],
		   "leftArm": [26,11.5,12],
		   "leftHand": [26,12,9],
		   "leftFinger11": [28.0116,9.5,8.03731],
		   "leftFinger12": [28.0116,9.5,6.03731],
		   "leftFinger21": [28.0116,13.5,8.03731],
		   "leftFinger22": [28.0116,13.5,6.03731],
		   "leftThumb1": [25.5,5.96612,9.99562],
		   "leftThumb2": [25.5,5.96612,7.99562],
		   "leftFoot": [20,11.4093,2.93544]

	   }
      ,
      "collision_shape" : {
         "type" : "cylinder_collision_shape",
         "radius" : 5,
         "height" : 35
      }
      ,
      "sequences" : {
         "idle"      : ["radiant.effects.cthulu_idle" ],
         "roar"      : "radiant.effects.cthulu_roar",
         "run"       : "radiant.effects.cthulu_walk"
      }
   }
}
